0 	 0 	 1	 0
1.93855 	 9.94482 	 0.919571	 1
1.95056 	 8.09413 	 0.93183	 2
2.11483 	 6.07393 	 1.09578	 3
1.94839 	 4.05777 	 0.928011	 4
2.08416 	 2.07543 	 1.05965	 5
2.01713 	 0.0194495 	 0.997479	 6
1.94074 	 -1.89855 	 0.921664	 7
2.02383 	 -3.82653 	 1.00449	 8
1.98296 	 -5.7933 	 0.963481	 9
1.98914 	 -7.7256 	 0.96959	 10
2.92792 	 10.5989 	 0.266422	 11
2.954 	 9.03454 	 0.443683	 12
3.06905 	 7.28844 	 0.445258	 13
3.11282 	 4.85501 	 0.478769	 14
3.04556 	 3.23259 	 0.445053	 15
3.04602 	 0.967744 	 0.400637	 16
2.99537 	 -1.0364 	 0.439181	 17
3.0108 	 -2.75805 	 0.450872	 18
3.05238 	 -4.86098 	 0.45416	 19
2.96876 	 -6.77072 	 0.396634	 20
2.99175 	 -8.4487 	 0.266422	 21
3.96735 	 9.94719 	 0.920643	 22
4.2025 	 8.09324 	 0.944468	 23
4.15377 	 6.19961 	 0.9483	 24
4.16104 	 3.97042 	 0.891859	 25
4.046 	 2.17873 	 0.904113	 26
3.92413 	 -0.00418734 	 0.908118	 27
4.09527 	 -1.87808 	 0.946389	 28
3.98053 	 -3.80483 	 0.951296	 29
3.99113 	 -5.85381 	 0.911931	 30
4.01233 	 -7.74122 	 0.975061	 31
5.05738 	 10.5336 	 0.287542	 32
5.1137 	 9.16954 	 0.46463	 33
5.20491 	 7.09585 	 0.431954	 34
4.97424 	 5.05199 	 0.459895	 35
5.08186 	 3.03134 	 0.423912	 36
4.78291 	 1.04029 	 0.442708	 37
5.05333 	 -0.820334 	 0.481029	 38
5.07105 	 -2.88573 	 0.457	 39
4.97263 	 -4.85265 	 0.489351	 40
4.97814 	 -6.74192 	 0.413849	 41
5.07243 	 -8.42815 	 0.287542	 42
6.07598 	 10.0363 	 0.830639	 43
5.91825 	 8.06516 	 0.769338	 44
5.9852 	 6.02034 	 0.892889	 45
5.95566 	 4.04661 	 0.903508	 46
5.79075 	 1.96836 	 0.854288	 47
5.83023 	 0.262878 	 0.852586	 48
5.8461 	 -1.84932 	 0.806937	 49
5.77133 	 -3.88603 	 0.764939	 50
5.84442 	 -5.8452 	 0.830082	 51
5.75376 	 -7.6335 	 0.758952	 52
7.03694 	 10.5948 	 0.271731	 53
6.72117 	 8.9556 	 0.428347	 54
6.7211 	 7.14524 	 0.452357	 55
6.94893 	 5.02991 	 0.489433	 56
6.68266 	 2.92703 	 0.429809	 57
6.80779 	 1.14087 	 0.454101	 58
6.63383 	 -0.814406 	 0.489418	 59
6.60876 	 -2.94171 	 0.496641	 60
6.68453 	 -4.76959 	 0.506166	 61
6.70264 	 -6.83687 	 0.480315	 62
6.43507 	 -8.41945 	 0.271731	 63
7.69009 	 9.73085 	 0.811695	 64
7.63672 	 8.06284 	 0.844574	 65
7.60544 	 6.06293 	 0.727964	 66
7.69054 	 3.93228 	 0.834401	 67
7.60112 	 2.09702 	 0.779956	 68
7.51779 	 0.0828128 	 0.761248	 69
7.49584 	 -1.91998 	 0.844754	 70
7.41684 	 -3.81758 	 0.69505	 71
7.50268 	 -5.81295 	 0.819326	 72
7.42648 	 -7.90804 	 0.80109	 73
8.43708 	 10.5561 	 0.30192	 74
8.70743 	 8.90704 	 0.497887	 75
8.38612 	 6.97749 	 0.472515	 76
8.38095 	 5.05668 	 0.475368	 77
8.58959 	 2.94164 	 0.503378	 78
8.36308 	 1.04737 	 0.504151	 79
8.38265 	 -0.953495 	 0.466435	 80
8.49952 	 -2.88841 	 0.54966	 81
8.3667 	 -4.75977 	 0.539989	 82
8.38782 	 -6.84808 	 0.542435	 83
8.4333 	 -8.35971 	 0.30192	 84
9.22962 	 9.97368 	 0.674622	 85
9.28073 	 7.91812 	 0.641471	 86
9.21914 	 6.04394 	 0.763731	 87
9.29935 	 4.04479 	 0.743258	 88
9.4026 	 1.97107 	 0.761727	 89
9.16141 	 0 	 0.71225	 90
9.35826 	 -1.91914 	 0.679271	 91
9.50628 	 -3.84529 	 0.775296	 92
9.11605 	 -5.81328 	 0.647809	 93
9.29571 	 -7.76574 	 0.741674	 94
10.0385 	 10.58 	 0.287076	 95
10.0928 	 9.02189 	 0.534744	 96
10.0994 	 7.05452 	 0.508221	 97
10.2225 	 5.05668 	 0.554616	 98
10.3493 	 3.05097 	 0.584326	 99
10.2995 	 0.998429 	 0.56062	 100
10.1476 	 -0.959571 	 0.496618	 101
10.4856 	 -2.88223 	 0.520088	 102
10.533 	 -4.82929 	 0.567164	 103
10.1655 	 -6.77981 	 0.504954	 104
10.1478 	 -8.42878 	 0.287076	 105
10.9535 	 9.94758 	 0.652279	 106
10.9454 	 8.09618 	 0.64729	 107
11.0316 	 6.06857 	 0.67054	 108
11.1588 	 4.04479 	 0.625447	 109
11.1641 	 2.05713 	 0.628445	 110
10.9381 	 0 	 0.605221	 111
11.3764 	 -1.91914 	 0.712326	 112
11.4151 	 -3.84529 	 0.676105	 113
11.3926 	 -5.81328 	 0.662603	 114
10.9576 	 -7.74634 	 0.673603	 115
11.7498 	 10.5903 	 0.276763	 116
11.8842 	 9.02189 	 0.573697	 117
11.8545 	 7.08237 	 0.559403	 118
11.8232 	 5.05668 	 0.520643	 119
11.9751 	 3.05097 	 0.577605	 120
11.8413 	 1.02857 	 0.538317	 121
12.3096 	 -0.959571 	 0.538345	 122
12.3455 	 -2.88223 	 0.575288	 123
12.3404 	 -4.82929 	 0.588221	 124
12.1907 	 -6.77981 	 0.512454	 125
11.7335 	 -8.43916 	 0.276763	 126
12.7565 	 9.94758 	 0.609479	 127
12.7286 	 8.09618 	 0.592454	 128
12.5281 	 6.06857 	 0.589426	 129
12.6802 	 4.04479 	 0.568252	 130
12.663 	 2.05713 	 0.559889	 131
13.1221 	 0 	 0.633933	 132
13.1787 	 -1.91914 	 0.611483	 133
13.1738 	 -3.84529 	 0.615779	 134
13.1094 	 -5.81328 	 0.5802	 135
12.9126 	 -7.74634 	 0.617279	 136
13.5945 	 10.5545 	 0.312641	 137
13.5646 	 9.02189 	 0.530074	 138
13.4953 	 7.08237 	 0.597945	 139
13.3603 	 5.05668 	 0.578088	 140
13.3065 	 3.05097 	 0.53779	 141
13.8744 	 1.02857 	 0.559767	 142
14.1027 	 -0.959571 	 0.62209	 143
14.0167 	 -2.88223 	 0.573271	 144
14.0759 	 -4.82929 	 0.623624	 145
13.9602 	 -6.77981 	 0.6152	 146
13.7158 	 -8.40325 	 0.312641	 147
14.2828 	 9.94758 	 0.55579	 148
14.2534 	 8.09618 	 0.540863	 149
14.2206 	 6.06857 	 0.567735	 150
13.9017 	 4.04479 	 0.508017	 151
14.3692 	 2.05713 	 0.524607	 152
14.8908 	 0 	 0.526618	 153
14.9468 	 -1.91914 	 0.558017	 154
14.8784 	 -3.84529 	 0.553443	 155
14.8511 	 -5.81328 	 0.538821	 156
14.6563 	 -7.74634 	 0.49283	 157
